0 360
10 0
100 100
0 4
20 80
20 120
180 120
180 80
0 600
0 0
325 325
32768 4
300 300
300 450
350 450
350 350
0 600
0 2
600 400
8 4
520 380
520 420
680 420
680 380
131072 0
0 4
800 400
800 500
900 500
900 400
0 4
1000 400
1000 500
1100 500
1100 400
0 4
800 600
800 700
900 700
900 600
0 4
1000 600
1000 700
1100 700
1100 600
0 4
1800 400
1800 500
1800 600
1900 600
0 4
2000 600
2000 500
2000 400
1900 400
0 4
1000 1400
1000 1500
1100 1500
1100 1400
0 4
1800 600
1800 700
1900 700
1900 600
0 4
1000 1600
1000 1700
1100 1700
1100 1600